# Optimized parameters

MN: # y = [0., 0.76647973, 1.6356572, 0.27444524]
  Ltotal: 120
  dend_alpha_Caconc: 1
  dend_f_Caconc: 0.004
  dend_kCa_Caconc: 8
  e_pas: -62
  global_cm: 2
  global_diam: 5
  pp: 0.1
  soma_alpha_Caconc: 1
  soma_f_Caconc: 0.004
  soma_kCa_Caconc: 8
  cm_ratio: 1.1303897
  dend_g_pas: 0.00006165833
  dend_gmax_CaL: 0.000011316314
  dend_gmax_CaN: 0.00001
  dend_gmax_KCa: 0.0019142649
  gc: 1.108122
  soma_g_pas: 0.00001
  soma_gmax_CaN: 0.0032349424
  soma_gmax_K: 0.10458818
  soma_gmax_KCa: 0.005655824
  soma_gmax_Na: 0.11399703
  ic_constant: -0.015656504661833687 # -0.01349847448553463
  V_rest: -57.4
  V_threshold: -37
PVBC: # y = [0., 0., 0., 0.]
  Ltotal: 37.62028884887695
  cm_ratio: 3.903846025466919
  dend_beta_Caconc: 0.03191220387816429
  dend_d_Caconc: 17.446317672729492
  dend_g_pas: 0.0004252658982295543
  dend_gmax_Ca: 0.8048859238624573
  dend_gmax_KCa: 1.0
  gc: 23.3135986328125
  pp: 0.10000000149011612
  soma_g_pas: 0.0016516740433871746
  soma_gmax_K: 0.0010000000474974513
  soma_gmax_Na: 0.898166298866272
  e_pas: -62
  global_cm: 3.0
  global_diam: 10.0
  ic_constant: 0.013448839558146165 # -0.014534339647771594
  V_rest: -60.0
  V_threshold: -37.0
